%YAML:1.0
---
myHogDector: !!opencv-object-detector-hog
   winSize: [ 64, 128 ]
   blockSize: [ 16, 16 ]
   blockStride: [ 8, 8 ]
   cellSize: [ 8, 8 ]
   nbins: 9
   derivAperture: 1
   winSigma: 4.
   histogramNormType: 0
   L2HysThreshold: 2.0000000000000001e-01
   gammaCorrection: 1
   nlevels: 64
   signedGradient: 0
   SVMDetector: [ 1.51516367e-02, -4.44223061e-02, -4.71163876e-02,
       -1.13336667e-02, 3.10183540e-02, -1.50107797e-02, 5.30594867e-03,
       -1.56906061e-02, 2.32806988e-02, 8.96267500e-03, -9.90138203e-03,
       -2.15362199e-02, -8.76596104e-03, 8.70794337e-03, 1.29451128e-02,
       1.85350720e-02, -1.91383976e-02, 3.34110372e-02, 1.60310287e-02,
       -2.40954403e-02, 1.89039554e-03, 2.17266474e-02, 2.82805157e-03,
       -1.76218040e-02, -2.28118207e-02, -2.44125724e-02, 2.03984305e-02,
       3.15643474e-02, 9.78163444e-03, 7.23958062e-03, -5.75272506e-03,
       2.83767912e-03, 1.18091842e-02, 2.04427056e-02, -1.22818723e-02,
       4.14166711e-02, -5.41016459e-03, -1.49510819e-02, -9.43732634e-03,
       -1.08183799e-02, 1.47043786e-03, 6.66393526e-03, -2.50921957e-02,
       -6.22724108e-02, 1.04119326e-03, 1.74444206e-02, 7.03702727e-03,
       2.10966859e-02, 1.98442172e-02, 1.52283469e-02, 3.67626734e-02,
       -3.02521437e-02, 9.35526972e-04, 5.74348681e-03, -6.93268515e-03,
       -1.11967437e-02, -1.35720242e-02, -1.17608225e-02,
       -4.70792921e-03, 1.16441334e-02, -7.10541324e-04, -1.50888450e-02,
       2.15859408e-03, 1.11685246e-02, 8.87369923e-03, 1.89021428e-03,
       -4.52812202e-03, -6.01021980e-04, 2.12611891e-02, -1.78237930e-02,
       3.38718831e-03, 1.16519248e-02, 1.68471374e-02, -4.08511702e-03,
       -3.56532051e-03, -4.76192869e-03, 1.80865843e-02, 1.71216559e-02,
       -1.15275644e-02, 1.91607084e-02, 1.45419594e-02, -5.46931638e-04,
       1.75999682e-02, 2.74119969e-03, -6.39163132e-04, 1.91411301e-02,
       2.26568133e-02, -2.08731480e-02, 5.42420521e-03, 1.22424820e-02,
       -6.34703552e-03, -7.68662896e-03, 3.81100387e-03, -1.25933187e-02,
       -1.65181775e-02, 2.71733594e-03, -2.71004289e-02, -2.09837547e-03,
       -8.02103989e-03, 1.92158541e-03, 1.32172108e-02, 1.87257901e-02,
       1.38287647e-02, 1.62171535e-02, 2.27350835e-02, 2.01272871e-02,
       1.71088683e-03, 2.19747517e-03, 6.39365241e-03, 2.15208698e-02,
       -4.42338269e-03, -1.18522346e-02, 3.05651985e-02, 4.22419934e-03,
       -7.00345961e-03, -4.84981749e-04, 1.29393088e-02, 1.44177172e-02,
       7.57298339e-03, -1.26541255e-03, -1.60418190e-02, -1.22542726e-03,
       -8.87992047e-03, 1.39915729e-02, 8.25093966e-03, 4.69113654e-03,
       1.58910863e-02, 3.36619876e-02, 2.95381062e-04, 1.00791594e-02,
       3.90100013e-03, 1.13313617e-02, -4.59468411e-03, -7.30947999e-04,
       -1.91841759e-02, 7.68535025e-03, 1.80386007e-02, 3.80375306e-03,
       -6.10056566e-03, -3.37212011e-02, 1.04222596e-02, -1.42966229e-02,
       -1.43627245e-02, -6.74709445e-03, 3.03638238e-03, 3.73612810e-03,
       1.13046379e-03, 7.94296060e-03, 2.25001108e-02, -2.05660313e-02,
       3.18048289e-03, 1.44721903e-02, -5.39194187e-03, -4.09592222e-03,
       9.28506348e-03, -7.86577072e-03, -5.56604797e-03, 2.28425041e-02,
       -1.13411685e-02, -5.77744888e-03, 1.09826622e-03, -1.25711495e-02,
       3.67568713e-03, 8.09150655e-03, -1.99681454e-04, 1.38162449e-03,
       -4.37507592e-03, 9.22108628e-03, 2.88292504e-05, 5.38561167e-03,
       -9.11189243e-03, -2.56071575e-02, -4.44591418e-03,
       -1.92151312e-02, -7.51893036e-03, -3.21751498e-02,
       -3.18763545e-03, -8.87935888e-03, -1.16191357e-02,
       -1.09086251e-02, 2.89209699e-03, 2.51947772e-02, -3.57492198e-03,
       1.36212232e-02, 9.37728398e-03, -2.54939906e-02, -2.12985110e-02,
       2.68572494e-02, 1.74494777e-02, -2.89285947e-02, -2.76493579e-02,
       -2.44803783e-02, -1.54376552e-02, 2.44863350e-02, 5.93016995e-03,
       -1.54291168e-02, 2.71729268e-02, -1.33028300e-02, -1.28830143e-04,
       2.37832107e-02, -2.03291737e-02, 2.33654045e-02, -1.54106366e-03,
       5.49851917e-03, -1.80064363e-03, 1.02093350e-02, 2.68750917e-02,
       -2.41546389e-02, 6.09785831e-03, -4.18610536e-02, -2.07018703e-02,
       -9.39783920e-03, 1.89952683e-02, -1.76416449e-02, 2.42361277e-02,
       -2.06627008e-02, -5.79999480e-03, -6.42398093e-03,
       -1.97265111e-02, 1.00544253e-02, 2.78004911e-02, 3.21208703e-04,
       -2.15443596e-02, 1.79060437e-02, -1.67379100e-02, -4.76694852e-03,
       -2.30119657e-02, -2.63298471e-02, -1.85447894e-02,
       -5.90349315e-03, -1.99617129e-02, -4.83120456e-02, 3.10694915e-03,
       -4.83673858e-03, 2.47736908e-02, 1.63891371e-02, -1.45735042e-02,
       2.18977425e-02, 8.44265614e-03, 1.49689568e-02, -3.05646006e-02,
       2.09972374e-02, 1.02731278e-02, -9.24877170e-03, 1.71312597e-03,
       -2.70805117e-02, 1.78259034e-02, -8.85822717e-03, -1.26326364e-02,
       -3.79442200e-02, 1.68879405e-02, -4.94659506e-03, -1.17988801e-02,
       -1.93732921e-02, -1.88407470e-02, -3.57155828e-03, 1.20773651e-02,
       4.60929557e-04, -2.49137450e-03, 3.17899249e-02, 7.87975732e-03,
       -1.03852747e-03, -2.68889926e-02, -9.82202124e-03,
       -6.72746624e-04, -2.83636618e-03, -2.76584029e-02,
       -1.04133235e-02, 2.67441459e-02, -2.09968700e-03, 6.61159400e-03,
       2.53411625e-02, -1.62683390e-02, 4.21086214e-02, 2.80387141e-02,
       2.60025691e-02, -6.81850314e-03, 3.00492141e-02, 7.23573100e-03,
       -2.03990601e-02, 9.31236893e-03, -1.30323274e-02, -2.55297683e-03,
       -2.23538792e-03, -7.84180406e-03, -1.70970876e-02, 7.18441745e-03,
       -1.93336867e-02, 1.89646389e-02, -1.97485238e-02, -8.02112557e-03,
       3.78509029e-03, 1.83263123e-02, 5.17048873e-04, -1.42287777e-03,
       2.41853185e-02, 1.08684264e-02, -2.23494368e-03, -2.06496790e-02,
       -3.97592895e-02, -2.38568000e-02, 5.19093545e-03, 1.91632342e-02,
       -2.48068292e-02, -1.51789784e-02, -6.24467665e-03,
       -6.74068928e-03, 1.70596689e-02, 2.58265785e-03, 9.88293160e-03,
       -5.65083791e-03, -1.99205126e-03, -4.76033008e-03, 5.92805492e-03,
       2.03553140e-02, -3.53514142e-02, 1.01828240e-02, -1.20156733e-02,
       -8.79729073e-03, -1.89931039e-02, 4.60161502e-03, -2.58519482e-02,
       9.70666856e-03, 3.78158060e-03, 1.29638612e-03, -2.68491581e-02,
       -3.20072621e-02, -4.91764955e-03, 1.37599176e-02, 3.76491919e-02,
       1.19390842e-02, -2.33892556e-02, -1.57389864e-02, 2.29873899e-02,
       -1.02504091e-02, -4.06756476e-02, -1.88267976e-02, 8.12808238e-03,
       -2.51039471e-02, -7.18859909e-03, -2.29927525e-02, 2.02494245e-02,
       2.43041245e-03, 1.09606367e-02, 3.26877926e-03, 3.29051875e-02,
       1.09565957e-02, 4.83273640e-02, -1.21997232e-02, 3.07461005e-02,
       -9.67093976e-04, 1.17138438e-02, -7.51888473e-03, -1.81748513e-02,
       1.17482617e-02, 1.89453140e-02, 1.35400556e-02, -1.92813538e-02,
       -7.22714374e-03, -3.05335317e-03, -1.38752058e-03, 1.40336957e-02,
       -9.45458841e-03, -1.29754972e-02, 1.95902251e-02, -4.05299617e-03,
       -1.86005142e-02, 4.96544410e-03, 9.73951258e-03, -2.64951531e-02,
       -6.24985481e-03, -2.60160957e-02, -3.55346389e-02,
       -6.81202579e-03, -1.58870202e-02, -2.75386032e-02,
       -2.80517945e-03, -1.82797462e-02, 1.75737254e-02, -2.11679540e-03,
       -1.04542896e-02, 1.31768286e-02, 7.03269569e-03, 1.85849518e-02,
       -1.78865599e-03, -1.35790892e-02, 7.63070257e-03, -3.08463890e-02,
       -1.76939450e-03, 1.47755863e-03, -1.57110747e-02, -2.73787491e-02,
       1.19013451e-02, -1.33285727e-02, -9.54355928e-04, -7.69182434e-03,
       -3.35599389e-03, 1.57563929e-02, -4.93423222e-03, -1.36445565e-02,
       4.22601309e-03, -1.06644901e-02, 2.43790960e-03, 3.76584125e-03,
       -1.79587177e-03, -9.16399620e-03, -1.08893532e-02, 6.34494750e-03,
       -1.43048970e-03, 6.56462414e-03, -2.38334667e-02, -2.46185483e-03,
       5.14002005e-03, -1.57500356e-02, -9.26060602e-03, 1.22197401e-02,
